2.161897850304207580e+01 3.216937410625672555e+02 1.939742820131444034e+01 2.181906773346975115e+01 1.179777328238203751e+02 3.244105140671010901e+01 8.797929966233473564e+00 0.000000000000000000e+00 1.477289517783918882e+02 0.000000000000000000e+00
2.889357537585129165e+01 1.480926246566260218e+01 7.148250325983130260e+00 1.899399158774124174e+01 1.065748831621720427e+02 3.460549326095122069e+01 8.797929966233473564e+00 0.000000000000000000e+00 1.477289517783918882e+02 5.000000000000000000e-01
2.933054170996505761e+01 1.143791985498878283e+01 6.703902755741300901e+00 1.892958195507304708e+01 1.073823514712798755e+02 3.402255390182524053e+01 8.797929966233473564e+00 0.000000000000000000e+00 1.477289517783918882e+02 5.100000000000000089e-01
2.927125465367003798e+01 1.191011311427131858e+01 7.017183482767106462e+00 1.796281122740418823e+01 1.064082455424889702e+02 3.545525817826816706e+01 8.797929966233473564e+00 0.000000000000000000e+00 1.477289517783918882e+02 5.200000000000000178e-01
2.965764768150029695e+01 1.470654528152758722e+01 6.865298754235159784e+00 1.752912996633156339e+01 1.060541205258847555e+02 3.928578363121770423e+01 8.797929966233473564e+00 0.000000000000000000e+00 1.477289517783918882e+02 5.300000000000000266e-01
2.948233499911429689e+01 1.644749520791194897e+01 6.410429581264745380e+00 1.851677368747617081e+01 1.053175122278043716e+02 3.621496570101160728e+01 8.797929966233473564e+00 0.000000000000000000e+00 1.477289517783918882e+02 5.400000000000000355e-01
2.994320186619994573e+01 2.232940186999131171e+01 7.307458375885549806e+00 1.897677145921908348e+01 1.056987048533461291e+02 3.574683365414408343e+01 8.797929966233473564e+00 0.000000000000000000e+00 1.477289517783918882e+02 5.500000000000000444e-01
3.001182775173814932e+01 2.009921270473611088e+01 6.939019585913003496e+00 1.771911140626915682e+01 1.061394786463913107e+02 3.705966139884905886e+01 8.797929966233473564e+00 0.000000000000000000e+00 1.477289517783918882e+02 5.600000000000000533e-01
2.984576901337943156e+01 2.338760163638444212e+01 6.893706224199942945e+00 1.849382695432902324e+01 1.054282384754467614e+02 3.537978573478616084e+01 8.797929966233473564e+00 0.000000000000000000e+00 1.477289517783918882e+02 5.699999999999999512e-01
3.015113737489847878e+01 2.474003539583983979e+01 7.385429871005835700e+00 1.727509865348543627e+01 1.049782500372506178e+02 3.959782068634988406e+01 8.797929966233473564e+00 0.000000000000000000e+00 1.477289517783918882e+02 5.799999999999999600e-01
3.023802364573451840e+01 2.783559076205984795e+01 6.510858551103525294e+00 1.732647848340228691e+01 1.050001273328663416e+02 3.819268720452198096e+01 8.797929966233473564e+00 0.000000000000000000e+00 1.477289517783918882e+02 5.899999999999999689e-01
3.058491883265345379e+01 3.256433216523516450e+01 6.732735302430255864e+00 1.799770569654660690e+01 1.048219542804160938e+02 3.687047598755062694e+01 8.797929966233473564e+00 0.000000000000000000e+00 1.477289517783918882e+02 5.999999999999999778e-01
3.068881087627866933e+01 2.588202478415810859e+01 7.092249500322115985e+00 1.747090553906517485e+01 1.043309025782798471e+02 3.712905959609675222e+01 8.797929966233473564e+00 0.000000000000000000e+00 1.477289517783918882e+02 6.099999999999999867e-01
3.088911371341042411e+01 3.034358419827296061e+01 6.686650020211747147e+00 1.804953206790609244e+01 1.042089002711746133e+02 3.674575986291632290e+01 8.797929966233473564e+00 0.000000000000000000e+00 1.477289517783918882e+02 6.199999999999999956e-01
3.085687989735838244e+01 3.384797542480553290e+01 7.119014778719394698e+00 1.814341474505587826e+01 1.028631830985363536e+02 3.743063373776464431e+01 8.797929966233473564e+00 0.000000000000000000e+00 1.477289517783918882e+02 6.300000000000000044e-01
3.108839929941713720e+01 3.722256467403225599e+01 7.144763791063978964e+00 1.709205282894384936e+01 1.030213275987496502e+02 3.960986096381983401e+01 8.797929966233473564e+00 0.000000000000000000e+00 1.477289517783918882e+02 6.400000000000000133e-01
3.145190870201679800e+01 3.289318199804658605e+01 7.285267818998297784e+00 1.743646024600445799e+01 1.036191285604348735e+02 3.575705926120067346e+01 8.797929966233473564e+00 0.000000000000000000e+00 1.477289517783918882e+02 6.500000000000000222e-01
3.113239761084905410e+01 3.837422991879250844e+01 7.169235655429128329e+00 1.666624886744849832e+01 1.029638452694942288e+02 3.873458199848654004e+01 8.797929966233473564e+00 0.000000000000000000e+00 1.477289517783918882e+02 6.600000000000000311e-01
3.164909899191444609e+01 3.559854798280422017e+01 7.149796683267930497e+00 1.730042450462194381e+01 1.024870893725951504e+02 3.810375065067186284e+01 8.797929966233473564e+00 0.000000000000000000e+00 1.477289517783918882e+02 6.700000000000000400e-01
3.147250446024275305e+01 3.728331621172156218e+01 7.489571586581827312e+00 1.687318257474318983e+01 1.027387721433291148e+02 3.981207783707919390e+01 8.797929966233473564e+00 0.000000000000000000e+00 1.477289517783918882e+02 6.800000000000000488e-01
3.150596610167668032e+01 4.310487517830691928e+01 7.016773662963694314e+00 1.760037513190984981e+01 1.024000095917395043e+02 3.573827184548755298e+01 8.797929966233473564e+00 0.000000000000000000e+00 1.477289517783918882e+02 6.899999999999999467e-01
3.200835320662404371e+01 4.584715920879164486e+01 7.382757807710266462e+00 1.733955479736973260e+01 1.018482069507369374e+02 3.947496608100368576e+01 8.797929966233473564e+00 0.000000000000000000e+00 1.477289517783918882e+02 6.999999999999999556e-01
3.211548819495042295e+01 4.189862186817956768e+01 7.482700057219703105e+00 1.648827197296068547e+01 1.010828989544914833e+02 4.069581142372438620e+01 8.797929966233473564e+00 0.000000000000000000e+00 1.477289517783918882e+02 7.099999999999999645e-01
3.228809918530355816e+01 4.567705051666883520e+01 7.882781516853194503e+00 1.724505415991481172e+01 1.013357842627748653e+02 3.652047306602445786e+01 8.797929966233473564e+00 0.000000000000000000e+00 1.477289517783918882e+02 7.199999999999999734e-01
3.209962960845498259e+01 4.739867943830361696e+01 7.348224118080315392e+00 1.654204717586425488e+01 1.017463690075642262e+02 3.840932200720058631e+01 8.797929966233473564e+00 0.000000000000000000e+00 1.477289517783918882e+02 7.299999999999999822e-01
3.215571356695416227e+01 4.783666010112545308e+01 7.301031801513411246e+00 1.734827723639980590e+01 1.001057335831856818e+02 3.893685983732067513e+01 8.797929966233473564e+00 0.000000000000000000e+00 1.477289517783918882e+02 7.399999999999999911e-01
3.232677654824248492e+01 4.822383400001708509e+01 7.352122857137588063e+00 1.750769390832654437e+01 1.004710958875269853e+02 3.882882928386490562e+01 8.797929966233473564e+00 0.000000000000000000e+00 1.477289517783918882e+02 7.500000000000000000e-01
3.257243128782376118e+01 5.084232371021047214e+01 7.992901587846995781e+00 1.620722424559226127e+01 9.990569666181947639e+01 4.203745860871993756e+01 8.797929966233473564e+00 0.000000000000000000e+00 1.477289517783918882e+02 7.600000000000000089e-01
3.291262642208914002e+01 4.849863178765416905e+01 8.238179714316400393e+00 1.644816028541464092e+01 1.000919908946814445e+02 4.043023037301672673e+01 8.797929966233473564e+00 0.000000000000000000e+00 1.477289517783918882e+02 7.700000000000000178e-01
3.326363409190282283e+01 5.221350643874826858e+01 8.146136214581918722e+00 1.639614854748998596e+01 1.000176795327594164e+02 3.918921394766234556e+01 8.797929966233473564e+00 0.000000000000000000e+00 1.477289517783918882e+02 7.800000000000000266e-01
3.289237233767124025e+01 5.378214872025110793e+01 8.078048610922305528e+00 1.707976298056334841e+01 9.978811932089401182e+01 3.717279156647283855e+01 8.797929966233473564e+00 0.000000000000000000e+00 1.477289517783918882e+02 7.900000000000000355e-01
3.340660395790030179e+01 5.132482991786776694e+01 8.018380322841581531e+00 1.635858039991909862e+01 9.982600177395202934e+01 3.945816052286510711e+01 8.797929966233473564e+00 0.000000000000000000e+00 1.477289517783918882e+02 8.000000000000000444e-01
3.329340123808319873e+01 5.563232642749676415e+01 8.139657814959923243e+00 1.593063221428809406e+01 1.002789388780750954e+02 3.888322743098284207e+01 8.797929966233473564e+00 0.000000000000000000e+00 1.477289517783918882e+02 8.100000000000000533e-01
3.369114361371546096e+01 5.718622363953394938e+01 8.076178880507962177e+00 1.534090051047272141e+01 9.919166694923841021e+01 4.047143605549519663e+01 8.797929966233473564e+00 0.000000000000000000e+00 1.477289517783918882e+02 8.199999999999999512e-01
3.354690128760032053e+01 5.525490356531087599e+01 8.833428521146194257e+00 1.657575498950868820e+01 9.806064993385679429e+01 4.076906206505899632e+01 8.797929966233473564e+00 0.000000000000000000e+00 1.477289517783918882e+02 8.299999999999999600e-01
3.372717878803383940e+01 5.499043330428270338e+01 8.667482852742223187e+00 1.627713978888152369e+01 9.932690054901614474e+01 3.881000885639742393e+01 8.797929966233473564e+00 0.000000000000000000e+00 1.477289517783918882e+02 8.399999999999999689e-01
3.367552502931468439e+01 5.642701746745022717e+01 8.575962095756237247e+00 1.506378962257538490e+01 9.883538923653659936e+01 4.246916146002273962e+01 8.797929966233473564e+00 0.000000000000000000e+00 1.477289517783918882e+02 8.499999999999999778e-01
3.422825487809742384e+01 6.042841665792590788e+01 8.682505210502602822e+00 1.544140942651157289e+01 9.805254091311884679e+01 4.112961073392223454e+01 8.797929966233473564e+00 0.000000000000000000e+00 1.477289517783918882e+02 8.599999999999999867e-01
3.418776931886606718e+01 5.964936045273113763e+01 9.062575936130153664e+00 1.552054756386187506e+01 9.835747979486743020e+01 4.268577970899455920e+01 8.797929966233473564e+00 0.000000000000000000e+00 1.477289517783918882e+02 8.699999999999999956e-01
3.411473949775961501e+01 6.163994208558565191e+01 9.272165343788087100e+00 1.504203743515542691e+01 9.794244324282701086e+01 4.156056529499885954e+01 8.797929966233473564e+00 0.000000000000000000e+00 1.477289517783918882e+02 8.800000000000000044e-01
3.417739384446976914e+01 6.098902995382132985e+01 8.800773613902574510e+00 1.559415026391959813e+01 9.768224598832456707e+01 4.355445956095366711e+01 8.797929966233473564e+00 0.000000000000000000e+00 1.477289517783918882e+02 8.900000000000000133e-01
3.454368068113182488e+01 6.254015292112562463e+01 8.822150927587047775e+00 1.630409901927263405e+01 9.674047762052443034e+01 3.884523702907085152e+01 8.797929966233473564e+00 0.000000000000000000e+00 1.477289517783918882e+02 9.000000000000000222e-01
3.487057776980473278e+01 5.985805631144379646e+01 9.453583276713594330e+00 1.640239229719212588e+01 9.635887044987771333e+01 4.084231496746249235e+01 8.797929966233473564e+00 0.000000000000000000e+00 1.477289517783918882e+02 9.100000000000000311e-01
3.466493734308486552e+01 6.577949631238051609e+01 9.585031207265600983e+00 1.474640236780516922e+01 9.681797388061390564e+01 4.265135266353632204e+01 8.797929966233473564e+00 0.000000000000000000e+00 1.477289517783918882e+02 9.200000000000000400e-01
3.521069479575772476e+01 6.166444375131263200e+01 9.846703543065123299e+00 1.550195433218934227e+01 9.693822558853521798e+01 3.975286346723162723e+01 8.797929966233473564e+00 0.000000000000000000e+00 1.477289517783918882e+02 9.300000000000000488e-01
3.521927412653474931e+01 6.575928489161479717e+01 9.879497091723608904e+00 1.513799009564355735e+01 9.562726820422258811e+01 4.367164243409960278e+01 8.797929966233473564e+00 0.000000000000000000e+00 1.477289517783918882e+02 9.399999999999999467e-01
3.505640589107787974e+01 6.620482923739180592e+01 1.011064774204950822e+01 1.530319264125731671e+01 9.574478291970515897e+01 4.105715942299543997e+01 8.797929966233473564e+00 0.000000000000000000e+00 1.477289517783918882e+02 9.499999999999999556e-01
3.551377504574809052e+01 6.641601490020281062e+01 9.843075709473426471e+00 1.579239590322499254e+01 9.519305726337590556e+01 4.169748628659659317e+01 8.797929966233473564e+00 0.000000000000000000e+00 1.477289517783918882e+02 9.599999999999999645e-01
3.559348464255782574e+01 6.487659891467100692e+01 1.041546926159954367e+01 1.484410558703394400e+01 9.611070576671698973e+01 4.180535314383219969e+01 8.797929966233473564e+00 0.000000000000000000e+00 1.477289517783918882e+02 9.699999999999999734e-01
3.537988639043375372e+01 6.536778282187114542e+01 9.796379067551578501e+00 1.481704943939602792e+01 9.483510738938565510e+01 4.555789990348279872e+01 8.797929966233473564e+00 0.000000000000000000e+00 1.477289517783918882e+02 9.799999999999999822e-01
3.578900013970773131e+01 6.665239291477465144e+01 9.910031102531316805e+00 1.561986514638836354e+01 9.484947388792343759e+01 3.919242594417720227e+01 8.797929966233473564e+00 0.000000000000000000e+00 1.477289517783918882e+02 9.899999999999999911e-01
3.591077225568951548e+01 6.798800665880816041e+01 1.021102513918963162e+01 1.501036428204291262e+01 9.434804677690902963e+01 4.545873619036343172e+01 8.797929966233473564e+00 0.000000000000000000e+00 1.477289517783918882e+02 1.000000000000000000e+00
3.579249813857646956e+01 6.740614248263182162e+01 1.008929834142186088e+01 1.455034505445502191e+01 9.380781533966172958e+01 4.611100338670016896e+01 8.797929966233473564e+00 0.000000000000000000e+00 1.477289517783918882e+02 1.010000000000000009e+00
3.608894713066592885e+01 6.858297624188932673e+01 1.029445003497148470e+01 1.557191035334037288e+01 9.392915492439355774e+01 4.215383652179276908e+01 8.797929966233473564e+00 0.000000000000000000e+00 1.477289517783918882e+02 1.020000000000000018e+00
3.627342837394888164e+01 6.881449799402579970e+01 1.073172799830050117e+01 1.542957933705642226e+01 9.334365111455721831e+01 4.200475290315417709e+01 8.797929966233473564e+00 0.000000000000000000e+00 1.477289517783918882e+02 1.030000000000000027e+00
3.637318477944982220e+01 6.871226413323972793e+01 1.073182654209988129e+01 1.550830216726225252e+01 9.280953323543755573e+01 4.333511112225953354e+01 8.797929966233473564e+00 0.000000000000000000e+00 1.477289517783918882e+02 1.040000000000000036e+00
3.677451582278140307e+01 6.903236112573566174e+01 1.098254824035579524e+01 1.398772906618556000e+01 9.323579839717635309e+01 4.647750577456994137e+01 8.797929966233473564e+00 0.000000000000000000e+00 1.477289517783918882e+02 1.050000000000000044e+00
3.654121072159487937e+01 6.720778574054052967e+01 1.121846349024036726e+01 1.460377943429138625e+01 9.230934740613921008e+01 4.274997152014190505e+01 8.797929966233473564e+00 0.000000000000000000e+00 1.477289517783918882e+02 1.060000000000000053e+00
3.697054964427767487e+01 7.137453166363899015e+01 1.112355446478063570e+01 1.493719666513643318e+01 9.193340853777316113e+01 4.509619857381147767e+01 8.797929966233473564e+00 0.000000000000000000e+00 1.477289517783918882e+02 1.070000000000000062e+00
3.699104374034342158e+01 6.869673786071687971e+01 1.122035689114631474e+01 1.408988939281823605e+01 9.247889588581854525e+01 4.705775725711345814e+01 8.797929966233473564e+00 0.000000000000000000e+00 1.477289517783918882e+02 1.080000000000000071e+00
3.686916785065808710e+01 7.025447929865286767e+01 1.150785773223172903e+01 1.434886160634871111e+01 9.136104965002328981e+01 4.878702322153925763e+01 8.797929966233473564e+00 0.000000000000000000e+00 1.477289517783918882e+02 1.090000000000000080e+00
3.708298678639572898e+01 7.078881532709037572e+01 1.114215785908844047e+01 1.362694572413490413e+01 9.234767898424733801e+01 4.747533328843172740e+01 8.797929966233473564e+00 0.000000000000000000e+00 1.477289517783918882e+02 1.100000000000000089e+00
3.740431832021538128e+01 6.936273106962742929e+01 1.158738141562274571e+01 1.404118704807879858e+01 9.180034686083568829e+01 4.886115634260124096e+01 8.797929966233473564e+00 0.000000000000000000e+00 1.477289517783918882e+02 1.110000000000000098e+00
3.714701496755829169e+01 7.047870902418908656e+01 1.215673670749705693e+01 1.414902848876649699e+01 9.095746574115253225e+01 4.616781273606364522e+01 8.797929966233473564e+00 0.000000000000000000e+00 1.477289517783918882e+02 1.120000000000000107e+00
3.747975568223463938e+01 7.135762568922014282e+01 1.210785058579532780e+01 1.469919791315578728e+01 9.091958881545303939e+01 4.298114557392351287e+01 8.797929966233473564e+00 0.000000000000000000e+00 1.477289517783918882e+02 1.129999999999999893e+00
3.771924507463000964e+01 7.110867227678612323e+01 1.165906928302737455e+01 1.338041266387384454e+01 9.108293950192864941e+01 4.729450080106806098e+01 8.797929966233473564e+00 0.000000000000000000e+00 1.477289517783918882e+02 1.139999999999999902e+00
3.781155862960424940e+01 7.293821120226733967e+01 1.161707130545349109e+01 1.369075344106198600e+01 9.012809483360389606e+01 4.580320393277749957e+01 8.797929966233473564e+00 0.000000000000000000e+00 1.477289517783918882e+02 1.149999999999999911e+00
3.778791080491220100e+01 7.044768988361545325e+01 1.223943274314633456e+01 1.358312827043575766e+01 9.013236677816564679e+01 4.728326859157632356e+01 8.797929966233473564e+00 0.000000000000000000e+00 1.477289517783918882e+02 1.159999999999999920e+00
3.781313541614871099e+01 7.190092769104903425e+01 1.227263292492334301e+01 1.456848788036597675e+01 8.991247700535738829e+01 4.335441089123192171e+01 8.797929966233473564e+00 0.000000000000000000e+00 1.477289517783918882e+02 1.169999999999999929e+00
3.810680549455700117e+01 7.184889513251121684e+01 1.267607587836279670e+01 1.408251422393330898e+01 9.011607285848180027e+01 4.773017065755546184e+01 8.797929966233473564e+00 0.000000000000000000e+00 1.477289517783918882e+02 1.179999999999999938e+00
3.812436016512276638e+01 7.210554121140202710e+01 1.285378482773772291e+01 1.340016317329709317e+01 8.941611211969413375e+01 4.725120773022133847e+01 8.797929966233473564e+00 0.000000000000000000e+00 1.477289517783918882e+02 1.189999999999999947e+00
3.800540080041255919e+01 7.396513454251046937e+01 1.256614487965973481e+01 1.399570938716576762e+01 8.894512017488045785e+01 4.597794623632194089e+01 8.797929966233473564e+00 0.000000000000000000e+00 1.477289517783918882e+02 1.199999999999999956e+00
3.859564392518927889e+01 7.293104291934996297e+01 1.250530112625863843e+01 1.320661923975349339e+01 8.906054628768569614e+01 4.874170430140193844e+01 8.797929966233473564e+00 0.000000000000000000e+00 1.477289517783918882e+02 1.209999999999999964e+00
3.846210874354135001e+01 7.349293603349440218e+01 1.243377632213361750e+01 1.375100219131071633e+01 8.900280793400958146e+01 4.867606032174158770e+01 8.797929966233473564e+00 0.000000000000000000e+00 1.477289517783918882e+02 1.219999999999999973e+00
3.831700151368841034e+01 7.380615955959743246e+01 1.270379880398706973e+01 1.373035863706659221e+01 8.909183114808965342e+01 4.678835630747876451e+01 8.797929966233473564e+00 0.000000000000000000e+00 1.477289517783918882e+02 1.229999999999999982e+00
3.902295101603670702e+01 7.399274776249394847e+01 1.319306580083167191e+01 1.337833638437830075e+01 8.827629470510701992e+01 4.970732537483375779e+01 8.797929966233473564e+00 0.000000000000000000e+00 1.477289517783918882e+02 1.239999999999999991e+00
3.867426206147960244e+01 7.231798893690442753e+01 1.290776101748829774e+01 1.387830220130476633e+01 8.768229372068071825e+01 4.957031825715971962e+01 8.797929966233473564e+00 0.000000000000000000e+00 1.477289517783918882e+02 1.250000000000000000e+00
3.890321058730243209e+01 7.336880297808994555e+01 1.305960032906254931e+01 1.332692096384394453e+01 8.746464636769886170e+01 5.202657500930054368e+01 8.797929966233473564e+00 0.000000000000000000e+00 1.477289517783918882e+02 1.260000000000000009e+00
3.921091025467274704e+01 7.460115489432598679e+01 1.361537512967044705e+01 1.331857659378688652e+01 8.778177597521495557e+01 4.803974088415042587e+01 8.797929966233473564e+00 0.000000000000000000e+00 1.477289517783918882e+02 1.270000000000000018e+00
3.943072247626209048e+01 7.478545903768856817e+01 1.343916736563565095e+01 1.395679843136325005e+01 8.653071880878326283e+01 4.895214706078313327e+01 8.797929966233473564e+00 0.000000000000000000e+00 1.477289517783918882e+02 1.280000000000000027e+00
3.914783220051909751e+01 7.345872964151216422e+01 1.360103415248719649e+01 1.308070381985768904e+01 8.691019512757351606e+01 5.340992261833071808e+01 8.797929966233473564e+00 0.000000000000000000e+00 1.477289517783918882e+02 1.290000000000000036e+00
3.952225511025402227e+01 7.291143596275125560e+01 1.348914087673128748e+01 1.418891515757161237e+01 8.626024028130474619e+01 4.789917623499848531e+01 8.797929966233473564e+00 0.000000000000000000e+00 1.477289517783918882e+02 1.300000000000000044e+00
3.956889836727830811e+01 7.410752531331087312e+01 1.414016688723075532e+01 1.406258211224312227e+01 8.651002762511026845e+01 4.813377847096145956e+01 8.797929966233473564e+00 0.000000000000000000e+00 1.477289517783918882e+02 1.310000000000000053e+00
3.980325145010141341e+01 7.420520177582621102e+01 1.351531110120458301e+01 1.361219664038626753e+01 8.624154912415770013e+01 4.699294110020627357e+01 8.797929966233473564e+00 0.000000000000000000e+00 1.477289517783918882e+02 1.320000000000000062e+00
3.954512908058336507e+01 7.457602745336613737e+01 1.384627190212321324e+01 1.345109974736564773e+01 8.558486709393434921e+01 5.065841297410982236e+01 8.797929966233473564e+00 0.000000000000000000e+00 1.477289517783918882e+02 1.330000000000000071e+00
3.973207169277736028e+01 7.300456884325022600e+01 1.395139237937331167e+01 1.291890797161324755e+01 8.533561011863861268e+01 5.331750123914475381e+01 8.797929966233473564e+00 0.000000000000000000e+00 1.477289517783918882e+02 1.340000000000000080e+00
3.974142274755648430e+01 7.468901024735421856e+01 1.414781951746462596e+01 1.368880592169121257e+01 8.554860260471940592e+01 5.096666105255970081e+01 8.797929966233473564e+00 0.000000000000000000e+00 1.477289517783918882e+02 1.350000000000000089e+00
3.985691800679023800e+01 7.385883162095801424e+01 1.460516062460386166e+01 1.350409098393776119e+01 8.566926255384458955e+01 4.917643150786884121e+01 8.797929966233473564e+00 0.000000000000000000e+00 1.477289517783918882e+02 1.360000000000000098e+00
4.020333710029554197e+01 7.488884023901422893e+01 1.458381001859004122e+01 1.303348228874338943e+01 8.514122298675164302e+01 5.257294166327108087e+01 8.797929966233473564e+00 0.000000000000000000e+00 1.477289517783918882e+02 1.370000000000000107e+00
4.034827204478526141e+01 7.379462530883928650e+01 1.433508705842199227e+01 1.266199586458198745e+01 8.444849106535693295e+01 5.508502724224302227e+01 8.797929966233473564e+00 0.000000000000000000e+00 1.477289517783918882e+02 1.379999999999999893e+00
4.051926308559917800e+01 7.532623909388516381e+01 1.432747275972591261e+01 1.266520714057137909e+01 8.381355924763218468e+01 5.613670095624039647e+01 8.797929966233473564e+00 0.000000000000000000e+00 1.477289517783918882e+02 1.389999999999999902e+00
4.052434491759243684e+01 7.611017128636950702e+01 1.506819478413792801e+01 1.233019593791128621e+01 8.371733305481583898e+01 5.388188773778151841e+01 8.797929966233473564e+00 0.000000000000000000e+00 1.477289517783918882e+02 1.399999999999999911e+00
4.065775165943144032e+01 7.492097732593136072e+01 1.467739217895513626e+01 1.253731757064819519e+01 8.363119487108875205e+01 5.639689709982909704e+01 8.797929966233473564e+00 0.000000000000000000e+00 1.477289517783918882e+02 1.409999999999999920e+00
4.053084715374204450e+01 7.650240237070609339e+01 1.539256410861279889e+01 1.231736783825841997e+01 8.328649730309577137e+01 5.342432498683120912e+01 8.797929966233473564e+00 0.000000000000000000e+00 1.477289517783918882e+02 1.419999999999999929e+00
4.091362801072522615e+01 7.611050048986602690e+01 1.502449090697482603e+01 1.256909101713061716e+01 8.257556225176499254e+01 5.302277092139609493e+01 8.797929966233473564e+00 0.000000000000000000e+00 1.477289517783918882e+02 1.429999999999999938e+00
4.060318388993651695e+01 7.555224984645369091e+01 1.518784356189710572e+01 1.304471415405914669e+01 8.284701792751685900e+01 5.644364687858990237e+01 8.797929966233473564e+00 0.000000000000000000e+00 1.477289517783918882e+02 1.439999999999999947e+00
4.076413960823899885e+01 7.632403899215756837e+01 1.564433009764218951e+01 1.252331921769923717e+01 8.238642880764065524e+01 5.342559614918879873e+01 8.797929966233473564e+00 0.000000000000000000e+00 1.477289517783918882e+02 1.449999999999999956e+00
4.091916012090180033e+01 7.522662708617994554e+01 1.538931487926057073e+01 1.308657877887885945e+01 8.231029985961453121e+01 5.121616590011050363e+01 8.797929966233473564e+00 0.000000000000000000e+00 1.477289517783918882e+02 1.459999999999999964e+00
4.130154056448742494e+01 7.513929015718240123e+01 1.591719601867398382e+01 1.285218085086950701e+01 8.280811470623032733e+01 5.745843500547239557e+01 8.797929966233473564e+00 0.000000000000000000e+00 1.477289517783918882e+02 1.469999999999999973e+00
4.147727224637608856e+01 7.557125021386330843e+01 1.585155314358092760e+01 1.300757446418654872e+01 8.206189746212942282e+01 5.656849727422991236e+01 8.797929966233473564e+00 0.000000000000000000e+00 1.477289517783918882e+02 1.479999999999999982e+00
4.124991427869881022e+01 7.701811643555832632e+01 1.614030988947278189e+01 1.310323065019547784e+01 8.092328046651303453e+01 5.177423365814782841e+01 8.797929966233473564e+00 0.000000000000000000e+00 1.477289517783918882e+02 1.489999999999999991e+00
4.137229539196489725e+01 7.603758333048945417e+01 1.584148655397945937e+01 1.293257028999090963e+01 8.131126225710004007e+01 5.190390230159616181e+01 8.797929966233473564e+00 0.000000000000000000e+00 1.477289517783918882e+02 1.500000000000000000e+00
4.164069723239513365e+01 7.602903329476339422e+01 1.572111636203496943e+01 1.293989664089943403e+01 8.158885627980680511e+01 5.509194710527471983e+01 8.797929966233473564e+00 0.000000000000000000e+00 1.477289517783918882e+02 1.510000000000000009e+00
4.142793343868361688e+01 7.653993676631620247e+01 1.647036811221119024e+01 1.274675933761640856e+01 8.065590184370560678e+01 5.202325524798037293e+01 8.797929966233473564e+00 0.000000000000000000e+00 1.477289517783918882e+02 1.520000000000000018e+00
4.153867048907559223e+01 7.669373544479250882e+01 1.639817807755743218e+01 1.344300495909478244e+01 8.063258774328758705e+01 5.450292846000664326e+01 8.797929966233473564e+00 0.000000000000000000e+00 1.477289517783918882e+02 1.530000000000000027e+00
4.163639665004646417e+01 7.724488431763401763e+01 1.643591712537937610e+01 1.313027206284943915e+01 8.027209416196723168e+01 5.654867844508903829e+01 8.797929966233473564e+00 0.000000000000000000e+00 1.477289517783918882e+02 1.540000000000000036e+00
4.194990375435919816e+01 7.617955017772519000e+01 1.677380470249183730e+01 1.297746621046755600e+01 8.011726587766600005e+01 5.409645537833485207e+01 8.797929966233473564e+00 0.000000000000000000e+00 1.477289517783918882e+02 1.550000000000000044e+00
4.200067387554633314e+01 7.646101829441896314e+01 1.690382551367888908e+01 1.240498546669895674e+01 7.984003598431303317e+01 5.350728542692001355e+01 8.797929966233473564e+00 0.000000000000000000e+00 1.477289517783918882e+02 1.560000000000000053e+00
4.187462365204014958e+01 7.773163280858884150e+01 1.692919864202934832e+01 1.175845993382773180e+01 7.924821174977246585e+01 5.941093647697525881e+01 8.797929966233473564e+00 0.000000000000000000e+00 1.477289517783918882e+02 1.570000000000000062e+00
4.210215604930464650e+01 7.739079078436552095e+01 1.686210932905097692e+01 1.219569778740047994e+01 7.971220238084863752e+01 5.736354075182239853e+01 8.797929966233473564e+00 0.000000000000000000e+00 1.477289517783918882e+02 1.580000000000000071e+00
4.223410751987071166e+01 7.734791304691827918e+01 1.671782771643355048e+01 1.330103836566673081e+01 7.920385580607295140e+01 5.529888167382498665e+01 8.797929966233473564e+00 0.000000000000000000e+00 1.477289517783918882e+02 1.590000000000000080e+00
4.246564139395518112e+01 7.589675936993346284e+01 1.733413067841192401e+01 1.228164785976354878e+01 7.913908298121205576e+01 6.012556331517018293e+01 8.797929966233473564e+00 0.000000000000000000e+00 1.477289517783918882e+02 1.600000000000000089e+00
4.278769698172594360e+01 7.578914801539927737e+01 1.731357481254282504e+01 1.237139966643993638e+01 7.891245531912304045e+01 6.280403272496641165e+01 8.797929966233473564e+00 0.000000000000000000e+00 1.477289517783918882e+02 1.610000000000000098e+00
4.269166436202739590e+01 7.523302533158209826e+01 1.696435039964536173e+01 1.176342135041008952e+01 7.824872881410026082e+01 6.073493735523324233e+01 8.797929966233473564e+00 0.000000000000000000e+00 1.477289517783918882e+02 1.620000000000000107e+00
4.253605535307664098e+01 7.715376062287329262e+01 1.738025741312654304e+01 1.278357160312010699e+01 7.904625946972349482e+01 5.896585249336457224e+01 8.797929966233473564e+00 0.000000000000000000e+00 1.477289517783918882e+02 1.629999999999999893e+00
4.288993799249423233e+01 7.552112777616379446e+01 1.755261510018752347e+01 1.254024484988477894e+01 7.825905487770565117e+01 5.969388445490392314e+01 8.797929966233473564e+00 0.000000000000000000e+00 1.477289517783918882e+02 1.639999999999999902e+00
4.312275632424253757e+01 7.580304549017262161e+01 1.750399241715869536e+01 1.211173917204316730e+01 7.725727319539626592e+01 5.708847124776697513e+01 8.797929966233473564e+00 0.000000000000000000e+00 1.477289517783918882e+02 1.649999999999999911e+00
4.326071228031272398e+01 7.705800534604817642e+01 1.779478166707738040e+01 1.264620140717615548e+01 7.732457833685342052e+01 5.663220160383385604e+01 8.797929966233473564e+00 0.000000000000000000e+00 1.477289517783918882e+02 1.659999999999999920e+00
4.332458793802890540e+01 7.705157291642356654e+01 1.800056350809193617e+01 1.201982504597310708e+01 7.733862015495002140e+01 6.293576972202199471e+01 8.797929966233473564e+00 0.000000000000000000e+00 1.477289517783918882e+02 1.669999999999999929e+00
4.306142711290465286e+01 7.658502577048521687e+01 1.772170673904581406e+01 1.189625293091468805e+01 7.706754128031958828e+01 6.461154402430214816e+01 8.797929966233473564e+00 0.000000000000000000e+00 1.477289517783918882e+02 1.679999999999999938e+00
4.310684945574194415e+01 7.640738593006268786e+01 1.838338249764326093e+01 1.233133789225496102e+01 7.641890964425708432e+01 6.176464056584046602e+01 8.797929966233473564e+00 0.000000000000000000e+00 1.477289517783918882e+02 1.689999999999999947e+00
4.321015963867756682e+01 7.666434092922465027e+01 1.813384273164366789e+01 1.119765735530935125e+01 7.607411915800298630e+01 6.493474968118884760e+01 8.797929966233473564e+00 0.000000000000000000e+00 1.477289517783918882e+02 1.699999999999999956e+00
4.340053844136038208e+01 7.573098331674754036e+01 1.794594261251097222e+01 1.208025800264604399e+01 7.609445782195697916e+01 6.195345817511496733e+01 8.797929966233473564e+00 0.000000000000000000e+00 1.477289517783918882e+02 1.709999999999999964e+00
4.356316533494782561e+01 7.655032336326991071e+01 1.832084453350968545e+01 1.154640351386258423e+01 7.547800658663544482e+01 6.635536171266113570e+01 8.797929966233473564e+00 0.000000000000000000e+00 1.477289517783918882e+02 1.719999999999999973e+00
4.351503083992931664e+01 7.701211978120726087e+01 1.880192734010707412e+01 1.179269757959152187e+01 7.540204766963724126e+01 6.537871968784415344e+01 8.797929966233473564e+00 0.000000000000000000e+00 1.477289517783918882e+02 1.729999999999999982e+00
4.386484418073316505e+01 7.675640463967670257e+01 1.843017765132523067e+01 1.216575286395846334e+01 7.517153490385203440e+01 5.953265438411232680e+01 8.797929966233473564e+00 0.000000000000000000e+00 1.477289517783918882e+02 1.739999999999999991e+00
4.377987159643116399e+01 7.693406283861646955e+01 1.885751274716191972e+01 1.223270745005544491e+01 7.430842382254478196e+01 5.858031971987469433e+01 8.797929966233473564e+00 0.000000000000000000e+00 1.477289517783918882e+02 1.750000000000000000e+00
4.361676817463668954e+01 7.707280861936546046e+01 1.847436923380567819e+01 1.176604145660901501e+01 7.570005845459412797e+01 6.665789736261780263e+01 8.797929966233473564e+00 0.000000000000000000e+00 1.477289517783918882e+02 1.760000000000000009e+00
4.400995288568257280e+01 7.560274698879983646e+01 1.904085729334491361e+01 1.229556080812989194e+01 7.496335280132061030e+01 5.955209674852834212e+01 8.797929966233473564e+00 0.000000000000000000e+00 1.477289517783918882e+02 1.770000000000000018e+00
4.392456366317143335e+01 7.605215788504750662e+01 1.900597237271517770e+01 1.208865597010603388e+01 7.430898790741647986e+01 6.342223135721521032e+01 8.797929966233473564e+00 0.000000000000000000e+00 1.477289517783918882e+02 1.780000000000000027e+00
4.410984252975745790e+01 7.539120466797798770e+01 1.901067159304085763e+01 1.146406844352290832e+01 7.389546321956336783e+01 6.860253595193779574e+01 8.797929966233473564e+00 0.000000000000000000e+00 1.477289517783918882e+02 1.790000000000000036e+00
4.442737170934152147e+01 7.614651456443401401e+01 1.939185897847870166e+01 1.171712848123118533e+01 7.371247472814805235e+01 6.349751928222334385e+01 8.797929966233473564e+00 0.000000000000000000e+00 1.477289517783918882e+02 1.800000000000000044e+00
4.418343595738113549e+01 7.654745826576180434e+01 1.958195883348030719e+01 1.120461018294933098e+01 7.345208119712050632e+01 6.824086342707614961e+01 8.797929966233473564e+00 0.000000000000000000e+00 1.477289517783918882e+02 1.810000000000000053e+00
4.417243145899939805e+01 7.683192347715799997e+01 1.927637194535799736e+01 1.201260039333184793e+01 7.307598192048203600e+01 6.200670332395238660e+01 8.797929966233473564e+00 0.000000000000000000e+00 1.477289517783918882e+02 1.820000000000000062e+00
4.443226829681329804e+01 7.602424394652938133e+01 1.932424149132432944e+01 1.116138832546613990e+01 7.280128654012403899e+01 7.030579152948891419e+01 8.797929966233473564e+00 0.000000000000000000e+00 1.477289517783918882e+02 1.830000000000000071e+00
4.461755569279877420e+01 7.735715289990417887e+01 1.970043605088315530e+01 1.205431368731634834e+01 7.363780801424002220e+01 6.512775849383233151e+01 8.797929966233473564e+00 0.000000000000000000e+00 1.477289517783918882e+02 1.840000000000000080e+00
4.432001477887840224e+01 7.597592362545249500e+01 1.957300619611021375e+01 1.200453995910003968e+01 7.214968169778316565e+01 6.387720676527560926e+01 8.797929966233473564e+00 0.000000000000000000e+00 1.477289517783918882e+02 1.850000000000000089e+00
4.443516006497556958e+01 7.550302289926501942e+01 2.012925827421357283e+01 1.230577070918004523e+01 7.325653469463789236e+01 6.635450648649032246e+01 8.797929966233473564e+00 0.000000000000000000e+00 1.477289517783918882e+02 1.860000000000000098e+00
4.480401067984874430e+01 7.678416938418408222e+01 2.012301719104755193e+01 1.160362214960228400e+01 7.206216136957259266e+01 7.216228527511370316e+01 8.797929966233473564e+00 0.000000000000000000e+00 1.477289517783918882e+02 1.870000000000000107e+00
4.468807760465871581e+01 7.707650796260163872e+01 2.007131592845804491e+01 1.197994039047186909e+01 7.295528503972141721e+01 6.968238680768595827e+01 8.797929966233473564e+00 0.000000000000000000e+00 1.477289517783918882e+02 1.879999999999999893e+00
4.494034629372586664e+01 7.692167667102130224e+01 2.016748837357576107e+01 1.167588135106185732e+01 7.166972998099988956e+01 7.128183967977979307e+01 8.797929966233473564e+00 0.000000000000000000e+00 1.477289517783918882e+02 1.889999999999999902e+00
4.510708539686419982e+01 7.669288779633573938e+01 2.032355167074467062e+01 1.212388832564520236e+01 7.180198525892751604e+01 6.932632747016964458e+01 8.797929966233473564e+00 0.000000000000000000e+00 1.477289517783918882e+02 1.899999999999999911e+00
4.489106446721886101e+01 7.620415085817761280e+01 2.066052784547560606e+01 1.210959094052782525e+01 7.224282034875525937e+01 6.886180516193006440e+01 8.797929966233473564e+00 0.000000000000000000e+00 1.477289517783918882e+02 1.909999999999999920e+00
4.510695216926099960e+01 7.660026195664552517e+01 2.045435074129149555e+01 1.127006295032645333e+01 7.054703683676113712e+01 6.892402329389987869e+01 8.797929966233473564e+00 0.000000000000000000e+00 1.477289517783918882e+02 1.919999999999999929e+00
4.497969930979974862e+01 7.623791801515417887e+01 2.051539276305446791e+01 1.238888172022712197e+01 7.119853791369688167e+01 6.676197622666482800e+01 8.797929966233473564e+00 0.000000000000000000e+00 1.477289517783918882e+02 1.929999999999999938e+00
4.499761720358090145e+01 7.574219013504813347e+01 2.064861556213074678e+01 1.155734876911602171e+01 7.103803037449951319e+01 7.096028833471827113e+01 8.797929966233473564e+00 0.000000000000000000e+00 1.477289517783918882e+02 1.939999999999999947e+00
4.529151254926247105e+01 7.681672605738997106e+01 2.106087772721738105e+01 1.201129012997437151e+01 7.066419867706748903e+01 6.812175132473727501e+01 8.797929966233473564e+00 0.000000000000000000e+00 1.477289517783918882e+02 1.949999999999999956e+00
4.552732437778438168e+01 7.660033114699358237e+01 2.095929264216832522e+01 1.159816211094895166e+01 6.950423491942156318e+01 6.969522627426387373e+01 8.797929966233473564e+00 0.000000000000000000e+00 1.477289517783918882e+02 1.959999999999999964e+00
4.564296250244937880e+01 7.566445294372255148e+01 2.129359822891444765e+01 1.210194545183276560e+01 7.010054150718556798e+01 6.753895569726402925e+01 8.797929966233473564e+00 0.000000000000000000e+00 1.477289517783918882e+02 1.969999999999999973e+00
4.564935357702231755e+01 7.506257716150098247e+01 2.131416993030331497e+01 1.161877301032394350e+01 7.048042563995285548e+01 7.336662655114999154e+01 8.797929966233473564e+00 0.000000000000000000e+00 1.477289517783918882e+02 1.979999999999999982e+00
4.547876292292919942e+01 7.663028627447556573e+01 2.148707139834198188e+01 1.168773320556933015e+01 6.845062831941027071e+01 6.767341152881887467e+01 8.797929966233473564e+00 0.000000000000000000e+00 1.477289517783918882e+02 1.989999999999999991e+00
4.594223688502770386e+01 7.647120657490735596e+01 2.124837000050977665e+01 1.162272262639008424e+01 7.000146729613764762e+01 7.285726822453378304e+01 8.797929966233473564e+00 0.000000000000000000e+00 1.477289517783918882e+02 2.000000000000000000e+00
4.589068417445963632e+01 7.609987671008202881e+01 2.112383429524785683e+01 1.164078978444141299e+01 6.961255231156158629e+01 7.464767024255129968e+01 8.797929966233473564e+00 0.000000000000000000e+00 1.477289517783918882e+02 2.009999999999999787e+00
4.606341454994408480e+01 7.662117754650007839e+01 2.176389069503434470e+01 1.194382238044234867e+01 6.983576749734370992e+01 7.257917020888496040e+01 8.797929966233473564e+00 0.000000000000000000e+00 1.477289517783918882e+02 2.020000000000000018e+00
4.612805311304607869e+01 7.499306690840722922e+01 2.163634113644762635e+01 1.129454483272323095e+01 6.863620166396243860e+01 7.239034481349527539e+01 8.797929966233473564e+00 0.000000000000000000e+00 1.477289517783918882e+02 2.029999999999999805e+00
4.597084122571610720e+01 7.599218632237335669e+01 2.184785688933255088e+01 1.152601326522416691e+01 6.855488216466228835e+01 7.900472814532828636e+01 8.797929966233473564e+00 0.000000000000000000e+00 1.477289517783918882e+02 2.040000000000000036e+00
4.605932565724340577e+01 7.568759211952557564e+01 2.220979175355256530e+01 1.184919579106792220e+01 6.858690320043811539e+01 7.433213170958885030e+01 8.797929966233473564e+00 0.000000000000000000e+00 1.477289517783918882e+02 2.049999999999999822e+00
4.637846328847044219e+01 7.479448702125014847e+01 2.206705490290936567e+01 1.123616423898990213e+01 6.781637188198514821e+01 7.345933339799232442e+01 8.797929966233473564e+00 0.000000000000000000e+00 1.477289517783918882e+02 2.060000000000000053e+00
4.641206112639256531e+01 7.488459157296453839e+01 2.246175291878968849e+01 1.134610047835002966e+01 6.719057163421081214e+01 7.943092303148399935e+01 8.797929966233473564e+00 0.000000000000000000e+00 1.477289517783918882e+02 2.069999999999999840e+00
4.597162192048481444e+01 7.584300101332114252e+01 2.220914336933160982e+01 1.121054680401726422e+01 6.639319531199701885e+01 7.838999450621099641e+01 8.797929966233473564e+00 0.000000000000000000e+00 1.477289517783918882e+02 2.080000000000000071e+00
4.623711087427500388e+01 7.550539385925117131e+01 2.275931840519764648e+01 1.158702488804494024e+01 6.746490386628950375e+01 7.843452224731318267e+01 8.797929966233473564e+00 0.000000000000000000e+00 1.477289517783918882e+02 2.089999999999999858e+00
4.660304278692540692e+01 7.614228133214005823e+01 2.259169739311282044e+01 1.161198415112274951e+01 6.650443643052589948e+01 7.119090567640552081e+01 8.797929966233473564e+00 0.000000000000000000e+00 1.477289517783918882e+02 2.100000000000000089e+00
4.673893649838429809e+01 7.497985319233337975e+01 2.283130779723278181e+01 1.168837287623162702e+01 6.689285969141559463e+01 8.018631910390000428e+01 8.797929966233473564e+00 0.000000000000000000e+00 1.477289517783918882e+02 2.109999999999999876e+00
4.650144212817490086e+01 7.532301896781952166e+01 2.271708054660457066e+01 1.128778832534424303e+01 6.686887389756782341e+01 7.924655245047226515e+01 8.797929966233473564e+00 0.000000000000000000e+00 1.477289517783918882e+02 2.120000000000000107e+00
4.670024797578702191e+01 7.447471242260242263e+01 2.299938744434307125e+01 1.103128363667798695e+01 6.544921742428101652e+01 7.891992421338777319e+01 8.797929966233473564e+00 0.000000000000000000e+00 1.477289517783918882e+02 2.129999999999999893e+00
4.645634937228710015e+01 7.558335603209454234e+01 2.285847902564287892e+01 1.142098191966256771e+01 6.571488918450660321e+01 7.737440476284986346e+01 8.797929966233473564e+00 0.000000000000000000e+00 1.477289517783918882e+02 2.140000000000000124e+00
4.657687315610613155e+01 7.506217091708020916e+01 2.329490100642468420e+01 1.188371471649176492e+01 6.736049825015203396e+01 7.883087016233243105e+01 8.797929966233473564e+00 0.000000000000000000e+00 1.477289517783918882e+02 2.149999999999999911e+00
4.691148025803492061e+01 7.447523594825617010e+01 2.360589362540459035e+01 1.190083552479705631e+01 6.662075757338573112e+01 7.618552740775594145e+01 8.797929966233473564e+00 0.000000000000000000e+00 1.477289517783918882e+02 2.160000000000000142e+00
4.683335807947151608e+01 7.500764906389244402e+01 2.371689921799449507e+01 1.203804321364482455e+01 6.621535817295021786e+01 7.682855868531372323e+01 8.797929966233473564e+00 0.000000000000000000e+00 1.477289517783918882e+02 2.169999999999999929e+00
4.674768004938854915e+01 7.446590222587843755e+01 2.362396467204154860e+01 1.208654132702982942e+01 6.661802382778537890e+01 7.510851079826146304e+01 8.797929966233473564e+00 0.000000000000000000e+00 1.477289517783918882e+02 2.180000000000000160e+00
4.686584035307592444e+01 7.556531807167257853e+01 2.350855574998050557e+01 1.171733454579259970e+01 6.611978265708246738e+01 8.374899778946635820e+01 8.797929966233473564e+00 0.000000000000000000e+00 1.477289517783918882e+02 2.189999999999999947e+00
4.708748158481190416e+01 7.402254411388662447e+01 2.366742240120288088e+01 1.150887927473799799e+01 6.410854139076342051e+01 7.924163513992075991e+01 8.797929966233473564e+00 0.000000000000000000e+00 1.477289517783918882e+02 2.200000000000000178e+00
4.697787907089888648e+01 7.469736422534866449e+01 2.376329667095775378e+01 1.094303863997225790e+01 6.406362923134702214e+01 8.508831401361926794e+01 8.797929966233473564e+00 0.000000000000000000e+00 1.477289517783918882e+02 2.209999999999999964e+00
4.693002896866781271e+01 7.424348015414318525e+01 2.393903826653162881e+01 1.200167160103690733e+01 6.478586868213363914e+01 7.915274616090391646e+01 8.797929966233473564e+00 0.000000000000000000e+00 1.477289517783918882e+02 2.220000000000000195e+00
4.738493242582497800e+01 7.411619239894938005e+01 2.419926276442062019e+01 1.192646046974624241e+01 6.458163021191310804e+01 8.088183210833823011e+01 8.797929966233473564e+00 0.000000000000000000e+00 1.477289517783918882e+02 2.229999999999999982e+00
4.728211101463215726e+01 7.424480192924666255e+01 2.412292057341711171e+01 1.198897791775202393e+01 6.464329576893779006e+01 8.172342284885837671e+01 8.797929966233473564e+00 0.000000000000000000e+00 1.477289517783918882e+02 2.240000000000000213e+00
4.761974696488841374e+01 7.414838369851374011e+01 2.435489033288290273e+01 1.138784415939932870e+01 6.343177823028991469e+01 8.028217829996610533e+01 8.797929966233473564e+00 0.000000000000000000e+00 1.477289517783918882e+02 2.250000000000000000e+00
4.756391418922542869e+01 7.417504152182824839e+01 2.434067801782033058e+01 1.139309891359406457e+01 6.299166960378362035e+01 7.837895374256353875e+01 8.797929966233473564e+00 0.000000000000000000e+00 1.477289517783918882e+02 2.259999999999999787e+00
4.767563294807946050e+01 7.417393426134404422e+01 2.434589147548695820e+01 1.116719357864094242e+01 6.252126178797748679e+01 8.663744637718117758e+01 8.797929966233473564e+00 0.000000000000000000e+00 1.477289517783918882e+02 2.270000000000000018e+00
4.777028952183564314e+01 7.459730572307418583e+01 2.482513112752767626e+01 1.160011868354036402e+01 6.206842653383561270e+01 7.834551046844615030e+01 8.797929966233473564e+00 0.000000000000000000e+00 1.477289517783918882e+02 2.279999999999999805e+00
4.761760218658641719e+01 7.394345592887097496e+01 2.498064294874611946e+01 1.141516231302542650e+01 6.288783234055332372e+01 8.572127941970705933e+01 8.797929966233473564e+00 0.000000000000000000e+00 1.477289517783918882e+02 2.290000000000000036e+00
4.776955113877458814e+01 7.395660054387579407e+01 2.463973387023770201e+01 1.162680256169519666e+01 6.271204131312397578e+01 8.187460103911747922e+01 8.797929966233473564e+00 0.000000000000000000e+00 1.477289517783918882e+02 2.299999999999999822e+00
4.773811258313424588e+01 7.422467772844007072e+01 2.487880942373967486e+01 1.197238039983159119e+01 6.284133960925620244e+01 8.521675880293534533e+01 8.797929966233473564e+00 0.000000000000000000e+00 1.477289517783918882e+02 2.310000000000000053e+00
4.761975491327102361e+01 7.411194026414477776e+01 2.543533567786169058e+01 1.169168940231679699e+01 6.231721744511878569e+01 8.093844204828756972e+01 8.797929966233473564e+00 0.000000000000000000e+00 1.477289517783918882e+02 2.319999999999999840e+00
4.773085347026596281e+01 7.343561885530830580e+01 2.544743451252362121e+01 1.122317690521177802e+01 6.121536204493054356e+01 8.994044013677955718e+01 8.797929966233473564e+00 0.000000000000000000e+00 1.477289517783918882e+02 2.330000000000000071e+00
4.782571794547364874e+01 7.388349490173344236e+01 2.552166702347328098e+01 1.209150626217724778e+01 6.321519309862032543e+01 8.127243025996155268e+01 8.797929966233473564e+00 0.000000000000000000e+00 1.477289517783918882e+02 2.339999999999999858e+00
4.807103278482791353e+01 7.457655727120220490e+01 2.564966542135531569e+01 1.153658376509856609e+01 6.071783179891457394e+01 8.049959143717471477e+01 8.797929966233473564e+00 0.000000000000000000e+00 1.477289517783918882e+02 2.350000000000000089e+00
4.781263826646674886e+01 7.362372832306769510e+01 2.567199241462031978e+01 1.152301370433303340e+01 6.064345709660768335e+01 8.391269091426656246e+01 8.797929966233473564e+00 0.000000000000000000e+00 1.477289517783918882e+02 2.359999999999999876e+00
4.823988633900373912e+01 7.326969746804010697e+01 2.584165402547165868e+01 1.191151910642969014e+01 6.200200076046695585e+01 8.776540224340018881e+01 8.797929966233473564e+00 0.000000000000000000e+00 1.477289517783918882e+02 2.370000000000000107e+00
4.787656697174516296e+01 7.354070520956861401e+01 2.576745772539213775e+01 1.135656123577255450e+01 6.055717052631623432e+01 9.156980476709490802e+01 8.797929966233473564e+00 0.000000000000000000e+00 1.477289517783918882e+02 2.379999999999999893e+00
4.851832755773842365e+01 7.360270497271434920e+01 2.599456850516630269e+01 1.174623196083653731e+01 6.003113824570297652e+01 8.307018931551370144e+01 8.797929966233473564e+00 0.000000000000000000e+00 1.477289517783918882e+02 2.390000000000000124e+00
4.820782783947021954e+01 7.336704582874160963e+01 2.586113547024666914e+01 1.154156338033741847e+01 5.981484524973079431e+01 8.677978395529736133e+01 8.797929966233473564e+00 0.000000000000000000e+00 1.477289517783918882e+02 2.399999999999999911e+00
4.826410596913610362e+01 7.362256862847793570e+01 2.591725788804101427e+01 1.195241350763131116e+01 6.109695894928450599e+01 8.379071870470770023e+01 8.797929966233473564e+00 0.000000000000000000e+00 1.477289517783918882e+02 2.410000000000000142e+00
4.829434469997496393e+01 7.405240356089193199e+01 2.638081566087475593e+01 1.228704191402119150e+01 6.113913265500324457e+01 8.498464452360484245e+01 8.797929966233473564e+00 0.000000000000000000e+00 1.477289517783918882e+02 2.419999999999999929e+00
4.847092031311144922e+01 7.313292549942029552e+01 2.626669135929147103e+01 1.167823109385498803e+01 5.929646430090482312e+01 8.716414686821190116e+01 8.797929966233473564e+00 0.000000000000000000e+00 1.477289517783918882e+02 2.430000000000000160e+00
4.874085253665553807e+01 7.291181975327805276e+01 2.645745698476393315e+01 1.163826173727984603e+01 5.947181178865191953e+01 8.429350397894677371e+01 8.797929966233473564e+00 0.000000000000000000e+00 1.477289517783918882e+02 2.439999999999999947e+00
4.839137549192004428e+01 7.349922801711346665e+01 2.643120276244933464e+01 1.226148337110467956e+01 6.047120950230993941e+01 8.672464206931620367e+01 8.797929966233473564e+00 0.000000000000000000e+00 1.477289517783918882e+02 2.450000000000000178e+00
4.850767973218261631e+01 7.279059606961631346e+01 2.706927813645466330e+01 1.221570229190969847e+01 6.084123523390931609e+01 8.703203370356071389e+01 8.797929966233473564e+00 0.000000000000000000e+00 1.477289517783918882e+02 2.459999999999999964e+00
4.858765189839904508e+01 7.333631644839988439e+01 2.680954211682460908e+01 1.173508874245141165e+01 5.821277936343848580e+01 9.153001070506107339e+01 8.797929966233473564e+00 0.000000000000000000e+00 1.477289517783918882e+02 2.470000000000000195e+00
4.863562490602953403e+01 7.231941396441865777e+01 2.721371072971226823e+01 1.227371273517331218e+01 5.925466032714820841e+01 8.897943216874760708e+01 8.797929966233473564e+00 0.000000000000000000e+00 1.477289517783918882e+02 2.479999999999999982e+00
4.901700706897555904e+01 7.268943138165967355e+01 2.721413455080217503e+01 1.209006596917026322e+01 5.854074162538067583e+01 9.335613378233793469e+01 8.797929966233473564e+00 0.000000000000000000e+00 1.477289517783918882e+02 2.490000000000000213e+00
