2.161897850304207580e+01 2.181906773346975115e+01 8.797929966233473564e+00 0.000000000000000000e+00
2.889357537585129165e+01 1.899399158774124174e+01 8.797929966233473564e+00 5.000000000000000000e-01
2.933054170996505761e+01 1.892958195507304708e+01 8.797929966233473564e+00 5.100000000000000089e-01
2.927125465367003798e+01 1.796281122740418823e+01 8.797929966233473564e+00 5.200000000000000178e-01
2.965764768150029695e+01 1.752912996633156339e+01 8.797929966233473564e+00 5.300000000000000266e-01
2.948233499911429689e+01 1.851677368747617081e+01 8.797929966233473564e+00 5.400000000000000355e-01
2.994320186619994573e+01 1.897677145921908348e+01 8.797929966233473564e+00 5.500000000000000444e-01
3.001182775173814932e+01 1.771911140626915682e+01 8.797929966233473564e+00 5.600000000000000533e-01
2.984576901337943156e+01 1.849382695432902324e+01 8.797929966233473564e+00 5.699999999999999512e-01
3.015113737489847878e+01 1.727509865348543627e+01 8.797929966233473564e+00 5.799999999999999600e-01
3.023802364573451840e+01 1.732647848340228691e+01 8.797929966233473564e+00 5.899999999999999689e-01
3.058491883265345379e+01 1.799770569654660690e+01 8.797929966233473564e+00 5.999999999999999778e-01
3.068881087627866933e+01 1.747090553906517485e+01 8.797929966233473564e+00 6.099999999999999867e-01
3.088911371341042411e+01 1.804953206790609244e+01 8.797929966233473564e+00 6.199999999999999956e-01
3.085687989735838244e+01 1.814341474505587826e+01 8.797929966233473564e+00 6.300000000000000044e-01
3.108839929941713720e+01 1.709205282894384936e+01 8.797929966233473564e+00 6.400000000000000133e-01
3.145190870201679800e+01 1.743646024600445799e+01 8.797929966233473564e+00 6.500000000000000222e-01
3.113239761084905410e+01 1.666624886744849832e+01 8.797929966233473564e+00 6.600000000000000311e-01
3.164909899191444609e+01 1.730042450462194381e+01 8.797929966233473564e+00 6.700000000000000400e-01
3.147250446024275305e+01 1.687318257474318983e+01 8.797929966233473564e+00 6.800000000000000488e-01
3.150596610167668032e+01 1.760037513190984981e+01 8.797929966233473564e+00 6.899999999999999467e-01
3.200835320662404371e+01 1.733955479736973260e+01 8.797929966233473564e+00 6.999999999999999556e-01
3.211548819495042295e+01 1.648827197296068547e+01 8.797929966233473564e+00 7.099999999999999645e-01
3.228809918530355816e+01 1.724505415991481172e+01 8.797929966233473564e+00 7.199999999999999734e-01
3.209962960845498259e+01 1.654204717586425488e+01 8.797929966233473564e+00 7.299999999999999822e-01
3.215571356695416227e+01 1.734827723639980590e+01 8.797929966233473564e+00 7.399999999999999911e-01
3.232677654824248492e+01 1.750769390832654437e+01 8.797929966233473564e+00 7.500000000000000000e-01
3.257243128782376118e+01 1.620722424559226127e+01 8.797929966233473564e+00 7.600000000000000089e-01
3.291262642208914002e+01 1.644816028541464092e+01 8.797929966233473564e+00 7.700000000000000178e-01
3.326363409190282283e+01 1.639614854748998596e+01 8.797929966233473564e+00 7.800000000000000266e-01
3.289237233767124025e+01 1.707976298056334841e+01 8.797929966233473564e+00 7.900000000000000355e-01
3.340660395790030179e+01 1.635858039991909862e+01 8.797929966233473564e+00 8.000000000000000444e-01
3.329340123808319873e+01 1.593063221428809406e+01 8.797929966233473564e+00 8.100000000000000533e-01
3.369114361371546096e+01 1.534090051047272141e+01 8.797929966233473564e+00 8.199999999999999512e-01
3.354690128760032053e+01 1.657575498950868820e+01 8.797929966233473564e+00 8.299999999999999600e-01
3.372717878803383940e+01 1.627713978888152369e+01 8.797929966233473564e+00 8.399999999999999689e-01
3.367552502931468439e+01 1.506378962257538490e+01 8.797929966233473564e+00 8.499999999999999778e-01
3.422825487809742384e+01 1.544140942651157289e+01 8.797929966233473564e+00 8.599999999999999867e-01
3.418776931886606718e+01 1.552054756386187506e+01 8.797929966233473564e+00 8.699999999999999956e-01
3.411473949775961501e+01 1.504203743515542691e+01 8.797929966233473564e+00 8.800000000000000044e-01
3.417739384446976914e+01 1.559415026391959813e+01 8.797929966233473564e+00 8.900000000000000133e-01
3.454368068113182488e+01 1.630409901927263405e+01 8.797929966233473564e+00 9.000000000000000222e-01
3.487057776980473278e+01 1.640239229719212588e+01 8.797929966233473564e+00 9.100000000000000311e-01
3.466493734308486552e+01 1.474640236780516922e+01 8.797929966233473564e+00 9.200000000000000400e-01
3.521069479575772476e+01 1.550195433218934227e+01 8.797929966233473564e+00 9.300000000000000488e-01
3.521927412653474931e+01 1.513799009564355735e+01 8.797929966233473564e+00 9.399999999999999467e-01
3.505640589107787974e+01 1.530319264125731671e+01 8.797929966233473564e+00 9.499999999999999556e-01
3.551377504574809052e+01 1.579239590322499254e+01 8.797929966233473564e+00 9.599999999999999645e-01
3.559348464255782574e+01 1.484410558703394400e+01 8.797929966233473564e+00 9.699999999999999734e-01
3.537988639043375372e+01 1.481704943939602792e+01 8.797929966233473564e+00 9.799999999999999822e-01
3.578900013970773131e+01 1.561986514638836354e+01 8.797929966233473564e+00 9.899999999999999911e-01
3.591077225568951548e+01 1.501036428204291262e+01 8.797929966233473564e+00 1.000000000000000000e+00
3.579249813857646956e+01 1.455034505445502191e+01 8.797929966233473564e+00 1.010000000000000009e+00
3.608894713066592885e+01 1.557191035334037288e+01 8.797929966233473564e+00 1.020000000000000018e+00
3.627342837394888164e+01 1.542957933705642226e+01 8.797929966233473564e+00 1.030000000000000027e+00
3.637318477944982220e+01 1.550830216726225252e+01 8.797929966233473564e+00 1.040000000000000036e+00
3.677451582278140307e+01 1.398772906618556000e+01 8.797929966233473564e+00 1.050000000000000044e+00
3.654121072159487937e+01 1.460377943429138625e+01 8.797929966233473564e+00 1.060000000000000053e+00
3.697054964427767487e+01 1.493719666513643318e+01 8.797929966233473564e+00 1.070000000000000062e+00
3.699104374034342158e+01 1.408988939281823605e+01 8.797929966233473564e+00 1.080000000000000071e+00
3.686916785065808710e+01 1.434886160634871111e+01 8.797929966233473564e+00 1.090000000000000080e+00
3.708298678639572898e+01 1.362694572413490413e+01 8.797929966233473564e+00 1.100000000000000089e+00
3.740431832021538128e+01 1.404118704807879858e+01 8.797929966233473564e+00 1.110000000000000098e+00
3.714701496755829169e+01 1.414902848876649699e+01 8.797929966233473564e+00 1.120000000000000107e+00
3.747975568223463938e+01 1.469919791315578728e+01 8.797929966233473564e+00 1.129999999999999893e+00
3.771924507463000964e+01 1.338041266387384454e+01 8.797929966233473564e+00 1.139999999999999902e+00
3.781155862960424940e+01 1.369075344106198600e+01 8.797929966233473564e+00 1.149999999999999911e+00
3.778791080491220100e+01 1.358312827043575766e+01 8.797929966233473564e+00 1.159999999999999920e+00
3.781313541614871099e+01 1.456848788036597675e+01 8.797929966233473564e+00 1.169999999999999929e+00
3.810680549455700117e+01 1.408251422393330898e+01 8.797929966233473564e+00 1.179999999999999938e+00
3.812436016512276638e+01 1.340016317329709317e+01 8.797929966233473564e+00 1.189999999999999947e+00
3.800540080041255919e+01 1.399570938716576762e+01 8.797929966233473564e+00 1.199999999999999956e+00
3.859564392518927889e+01 1.320661923975349339e+01 8.797929966233473564e+00 1.209999999999999964e+00
3.846210874354135001e+01 1.375100219131071633e+01 8.797929966233473564e+00 1.219999999999999973e+00
3.831700151368841034e+01 1.373035863706659221e+01 8.797929966233473564e+00 1.229999999999999982e+00
3.902295101603670702e+01 1.337833638437830075e+01 8.797929966233473564e+00 1.239999999999999991e+00
3.867426206147960244e+01 1.387830220130476633e+01 8.797929966233473564e+00 1.250000000000000000e+00
3.890321058730243209e+01 1.332692096384394453e+01 8.797929966233473564e+00 1.260000000000000009e+00
3.921091025467274704e+01 1.331857659378688652e+01 8.797929966233473564e+00 1.270000000000000018e+00
3.943072247626209048e+01 1.395679843136325005e+01 8.797929966233473564e+00 1.280000000000000027e+00
3.914783220051909751e+01 1.308070381985768904e+01 8.797929966233473564e+00 1.290000000000000036e+00
3.952225511025402227e+01 1.418891515757161237e+01 8.797929966233473564e+00 1.300000000000000044e+00
3.956889836727830811e+01 1.406258211224312227e+01 8.797929966233473564e+00 1.310000000000000053e+00
3.980325145010141341e+01 1.361219664038626753e+01 8.797929966233473564e+00 1.320000000000000062e+00
3.954512908058336507e+01 1.345109974736564773e+01 8.797929966233473564e+00 1.330000000000000071e+00
3.973207169277736028e+01 1.291890797161324755e+01 8.797929966233473564e+00 1.340000000000000080e+00
3.974142274755648430e+01 1.368880592169121257e+01 8.797929966233473564e+00 1.350000000000000089e+00
3.985691800679023800e+01 1.350409098393776119e+01 8.797929966233473564e+00 1.360000000000000098e+00
4.020333710029554197e+01 1.303348228874338943e+01 8.797929966233473564e+00 1.370000000000000107e+00
4.034827204478526141e+01 1.266199586458198745e+01 8.797929966233473564e+00 1.379999999999999893e+00
4.051926308559917800e+01 1.266520714057137909e+01 8.797929966233473564e+00 1.389999999999999902e+00
4.052434491759243684e+01 1.233019593791128621e+01 8.797929966233473564e+00 1.399999999999999911e+00
4.065775165943144032e+01 1.253731757064819519e+01 8.797929966233473564e+00 1.409999999999999920e+00
4.053084715374204450e+01 1.231736783825841997e+01 8.797929966233473564e+00 1.419999999999999929e+00
4.091362801072522615e+01 1.256909101713061716e+01 8.797929966233473564e+00 1.429999999999999938e+00
4.060318388993651695e+01 1.304471415405914669e+01 8.797929966233473564e+00 1.439999999999999947e+00
4.076413960823899885e+01 1.252331921769923717e+01 8.797929966233473564e+00 1.449999999999999956e+00
4.091916012090180033e+01 1.308657877887885945e+01 8.797929966233473564e+00 1.459999999999999964e+00
4.130154056448742494e+01 1.285218085086950701e+01 8.797929966233473564e+00 1.469999999999999973e+00
4.147727224637608856e+01 1.300757446418654872e+01 8.797929966233473564e+00 1.479999999999999982e+00
4.124991427869881022e+01 1.310323065019547784e+01 8.797929966233473564e+00 1.489999999999999991e+00
4.137229539196489725e+01 1.293257028999090963e+01 8.797929966233473564e+00 1.500000000000000000e+00
4.164069723239513365e+01 1.293989664089943403e+01 8.797929966233473564e+00 1.510000000000000009e+00
4.142793343868361688e+01 1.274675933761640856e+01 8.797929966233473564e+00 1.520000000000000018e+00
4.153867048907559223e+01 1.344300495909478244e+01 8.797929966233473564e+00 1.530000000000000027e+00
4.163639665004646417e+01 1.313027206284943915e+01 8.797929966233473564e+00 1.540000000000000036e+00
4.194990375435919816e+01 1.297746621046755600e+01 8.797929966233473564e+00 1.550000000000000044e+00
4.200067387554633314e+01 1.240498546669895674e+01 8.797929966233473564e+00 1.560000000000000053e+00
4.187462365204014958e+01 1.175845993382773180e+01 8.797929966233473564e+00 1.570000000000000062e+00
4.210215604930464650e+01 1.219569778740047994e+01 8.797929966233473564e+00 1.580000000000000071e+00
4.223410751987071166e+01 1.330103836566673081e+01 8.797929966233473564e+00 1.590000000000000080e+00
4.246564139395518112e+01 1.228164785976354878e+01 8.797929966233473564e+00 1.600000000000000089e+00
4.278769698172594360e+01 1.237139966643993638e+01 8.797929966233473564e+00 1.610000000000000098e+00
4.269166436202739590e+01 1.176342135041008952e+01 8.797929966233473564e+00 1.620000000000000107e+00
4.253605535307664098e+01 1.278357160312010699e+01 8.797929966233473564e+00 1.629999999999999893e+00
4.288993799249423233e+01 1.254024484988477894e+01 8.797929966233473564e+00 1.639999999999999902e+00
4.312275632424253757e+01 1.211173917204316730e+01 8.797929966233473564e+00 1.649999999999999911e+00
4.326071228031272398e+01 1.264620140717615548e+01 8.797929966233473564e+00 1.659999999999999920e+00
4.332458793802890540e+01 1.201982504597310708e+01 8.797929966233473564e+00 1.669999999999999929e+00
4.306142711290465286e+01 1.189625293091468805e+01 8.797929966233473564e+00 1.679999999999999938e+00
4.310684945574194415e+01 1.233133789225496102e+01 8.797929966233473564e+00 1.689999999999999947e+00
4.321015963867756682e+01 1.119765735530935125e+01 8.797929966233473564e+00 1.699999999999999956e+00
4.340053844136038208e+01 1.208025800264604399e+01 8.797929966233473564e+00 1.709999999999999964e+00
4.356316533494782561e+01 1.154640351386258423e+01 8.797929966233473564e+00 1.719999999999999973e+00
4.351503083992931664e+01 1.179269757959152187e+01 8.797929966233473564e+00 1.729999999999999982e+00
4.386484418073316505e+01 1.216575286395846334e+01 8.797929966233473564e+00 1.739999999999999991e+00
4.377987159643116399e+01 1.223270745005544491e+01 8.797929966233473564e+00 1.750000000000000000e+00
4.361676817463668954e+01 1.176604145660901501e+01 8.797929966233473564e+00 1.760000000000000009e+00
4.400995288568257280e+01 1.229556080812989194e+01 8.797929966233473564e+00 1.770000000000000018e+00
4.392456366317143335e+01 1.208865597010603388e+01 8.797929966233473564e+00 1.780000000000000027e+00
4.410984252975745790e+01 1.146406844352290832e+01 8.797929966233473564e+00 1.790000000000000036e+00
4.442737170934152147e+01 1.171712848123118533e+01 8.797929966233473564e+00 1.800000000000000044e+00
4.418343595738113549e+01 1.120461018294933098e+01 8.797929966233473564e+00 1.810000000000000053e+00
4.417243145899939805e+01 1.201260039333184793e+01 8.797929966233473564e+00 1.820000000000000062e+00
4.443226829681329804e+01 1.116138832546613990e+01 8.797929966233473564e+00 1.830000000000000071e+00
4.461755569279877420e+01 1.205431368731634834e+01 8.797929966233473564e+00 1.840000000000000080e+00
4.432001477887840224e+01 1.200453995910003968e+01 8.797929966233473564e+00 1.850000000000000089e+00
4.443516006497556958e+01 1.230577070918004523e+01 8.797929966233473564e+00 1.860000000000000098e+00
4.480401067984874430e+01 1.160362214960228400e+01 8.797929966233473564e+00 1.870000000000000107e+00
4.468807760465871581e+01 1.197994039047186909e+01 8.797929966233473564e+00 1.879999999999999893e+00
4.494034629372586664e+01 1.167588135106185732e+01 8.797929966233473564e+00 1.889999999999999902e+00
4.510708539686419982e+01 1.212388832564520236e+01 8.797929966233473564e+00 1.899999999999999911e+00
4.489106446721886101e+01 1.210959094052782525e+01 8.797929966233473564e+00 1.909999999999999920e+00
4.510695216926099960e+01 1.127006295032645333e+01 8.797929966233473564e+00 1.919999999999999929e+00
4.497969930979974862e+01 1.238888172022712197e+01 8.797929966233473564e+00 1.929999999999999938e+00
4.499761720358090145e+01 1.155734876911602171e+01 8.797929966233473564e+00 1.939999999999999947e+00
4.529151254926247105e+01 1.201129012997437151e+01 8.797929966233473564e+00 1.949999999999999956e+00
4.552732437778438168e+01 1.159816211094895166e+01 8.797929966233473564e+00 1.959999999999999964e+00
4.564296250244937880e+01 1.210194545183276560e+01 8.797929966233473564e+00 1.969999999999999973e+00
4.564935357702231755e+01 1.161877301032394350e+01 8.797929966233473564e+00 1.979999999999999982e+00
4.547876292292919942e+01 1.168773320556933015e+01 8.797929966233473564e+00 1.989999999999999991e+00
4.594223688502770386e+01 1.162272262639008424e+01 8.797929966233473564e+00 2.000000000000000000e+00
4.589068417445963632e+01 1.164078978444141299e+01 8.797929966233473564e+00 2.009999999999999787e+00
4.606341454994408480e+01 1.194382238044234867e+01 8.797929966233473564e+00 2.020000000000000018e+00
4.612805311304607869e+01 1.129454483272323095e+01 8.797929966233473564e+00 2.029999999999999805e+00
4.597084122571610720e+01 1.152601326522416691e+01 8.797929966233473564e+00 2.040000000000000036e+00
4.605932565724340577e+01 1.184919579106792220e+01 8.797929966233473564e+00 2.049999999999999822e+00
4.637846328847044219e+01 1.123616423898990213e+01 8.797929966233473564e+00 2.060000000000000053e+00
4.641206112639256531e+01 1.134610047835002966e+01 8.797929966233473564e+00 2.069999999999999840e+00
4.597162192048481444e+01 1.121054680401726422e+01 8.797929966233473564e+00 2.080000000000000071e+00
4.623711087427500388e+01 1.158702488804494024e+01 8.797929966233473564e+00 2.089999999999999858e+00
4.660304278692540692e+01 1.161198415112274951e+01 8.797929966233473564e+00 2.100000000000000089e+00
4.673893649838429809e+01 1.168837287623162702e+01 8.797929966233473564e+00 2.109999999999999876e+00
4.650144212817490086e+01 1.128778832534424303e+01 8.797929966233473564e+00 2.120000000000000107e+00
4.670024797578702191e+01 1.103128363667798695e+01 8.797929966233473564e+00 2.129999999999999893e+00
4.645634937228710015e+01 1.142098191966256771e+01 8.797929966233473564e+00 2.140000000000000124e+00
4.657687315610613155e+01 1.188371471649176492e+01 8.797929966233473564e+00 2.149999999999999911e+00
4.691148025803492061e+01 1.190083552479705631e+01 8.797929966233473564e+00 2.160000000000000142e+00
4.683335807947151608e+01 1.203804321364482455e+01 8.797929966233473564e+00 2.169999999999999929e+00
4.674768004938854915e+01 1.208654132702982942e+01 8.797929966233473564e+00 2.180000000000000160e+00
4.686584035307592444e+01 1.171733454579259970e+01 8.797929966233473564e+00 2.189999999999999947e+00
4.708748158481190416e+01 1.150887927473799799e+01 8.797929966233473564e+00 2.200000000000000178e+00
4.697787907089888648e+01 1.094303863997225790e+01 8.797929966233473564e+00 2.209999999999999964e+00
4.693002896866781271e+01 1.200167160103690733e+01 8.797929966233473564e+00 2.220000000000000195e+00
4.738493242582497800e+01 1.192646046974624241e+01 8.797929966233473564e+00 2.229999999999999982e+00
4.728211101463215726e+01 1.198897791775202393e+01 8.797929966233473564e+00 2.240000000000000213e+00
4.761974696488841374e+01 1.138784415939932870e+01 8.797929966233473564e+00 2.250000000000000000e+00
4.756391418922542869e+01 1.139309891359406457e+01 8.797929966233473564e+00 2.259999999999999787e+00
4.767563294807946050e+01 1.116719357864094242e+01 8.797929966233473564e+00 2.270000000000000018e+00
4.777028952183564314e+01 1.160011868354036402e+01 8.797929966233473564e+00 2.279999999999999805e+00
4.761760218658641719e+01 1.141516231302542650e+01 8.797929966233473564e+00 2.290000000000000036e+00
4.776955113877458814e+01 1.162680256169519666e+01 8.797929966233473564e+00 2.299999999999999822e+00
4.773811258313424588e+01 1.197238039983159119e+01 8.797929966233473564e+00 2.310000000000000053e+00
4.761975491327102361e+01 1.169168940231679699e+01 8.797929966233473564e+00 2.319999999999999840e+00
4.773085347026596281e+01 1.122317690521177802e+01 8.797929966233473564e+00 2.330000000000000071e+00
4.782571794547364874e+01 1.209150626217724778e+01 8.797929966233473564e+00 2.339999999999999858e+00
4.807103278482791353e+01 1.153658376509856609e+01 8.797929966233473564e+00 2.350000000000000089e+00
4.781263826646674886e+01 1.152301370433303340e+01 8.797929966233473564e+00 2.359999999999999876e+00
4.823988633900373912e+01 1.191151910642969014e+01 8.797929966233473564e+00 2.370000000000000107e+00
4.787656697174516296e+01 1.135656123577255450e+01 8.797929966233473564e+00 2.379999999999999893e+00
4.851832755773842365e+01 1.174623196083653731e+01 8.797929966233473564e+00 2.390000000000000124e+00
4.820782783947021954e+01 1.154156338033741847e+01 8.797929966233473564e+00 2.399999999999999911e+00
4.826410596913610362e+01 1.195241350763131116e+01 8.797929966233473564e+00 2.410000000000000142e+00
4.829434469997496393e+01 1.228704191402119150e+01 8.797929966233473564e+00 2.419999999999999929e+00
4.847092031311144922e+01 1.167823109385498803e+01 8.797929966233473564e+00 2.430000000000000160e+00
4.874085253665553807e+01 1.163826173727984603e+01 8.797929966233473564e+00 2.439999999999999947e+00
4.839137549192004428e+01 1.226148337110467956e+01 8.797929966233473564e+00 2.450000000000000178e+00
4.850767973218261631e+01 1.221570229190969847e+01 8.797929966233473564e+00 2.459999999999999964e+00
4.858765189839904508e+01 1.173508874245141165e+01 8.797929966233473564e+00 2.470000000000000195e+00
4.863562490602953403e+01 1.227371273517331218e+01 8.797929966233473564e+00 2.479999999999999982e+00
4.901700706897555904e+01 1.209006596917026322e+01 8.797929966233473564e+00 2.490000000000000213e+00
