10.000874 0.000000
10.000379 0.010050
9.998895 0.020101
9.996420 0.030151
9.992955 0.040201
9.988501 0.050251
9.983057 0.060302
9.976622 0.070352
9.969198 0.080402
9.960784 0.090452
9.951381 0.100503
9.940987 0.110553
9.929603 0.120603
9.917230 0.130653
9.903867 0.140704
9.889513 0.150754
9.874170 0.160804
9.857838 0.170854
9.840515 0.180905
9.822202 0.190955
9.802900 0.201005
9.782607 0.211055
9.761325 0.221106
9.739053 0.231156
9.715791 0.241206
9.691539 0.251256
9.666297 0.261307
9.640065 0.271357
9.612844 0.281407
9.584632 0.291457
9.555431 0.301508
9.525240 0.311558
9.494059 0.321608
9.461888 0.331658
9.428727 0.341709
9.394576 0.351759
9.359436 0.361809
9.323306 0.371859
9.286185 0.381910
9.248075 0.391960
9.208975 0.402010
9.168885 0.412060
9.127805 0.422111
9.085736 0.432161
9.042676 0.442211
8.998627 0.452261
8.953588 0.462312
8.907558 0.472362
8.860539 0.482412
8.812531 0.492462
8.763532 0.502513
8.713543 0.512563
8.662565 0.522613
8.610596 0.532663
8.557638 0.542714
8.503690 0.552764
8.448752 0.562814
8.392824 0.572864
8.335906 0.582915
8.277999 0.592965
8.219101 0.603015
8.159214 0.613065
8.098336 0.623116
8.036469 0.633166
7.973612 0.643216
7.909765 0.653266
7.844929 0.663317
7.779102 0.673367
7.712286 0.683417
7.644479 0.693467
7.575683 0.703518
7.505897 0.713568
7.435121 0.723618
7.363355 0.733668
7.290599 0.743719
7.216854 0.753769
7.142118 0.763819
7.066393 0.773869
6.989678 0.783920
6.911973 0.793970
6.833278 0.804020
6.753593 0.814070
6.672918 0.824121
6.591253 0.834171
6.508599 0.844221
6.424955 0.854271
6.340320 0.864322
6.254696 0.874372
6.168082 0.884422
6.080478 0.894472
5.991885 0.904523
5.902301 0.914573
5.811728 0.924623
5.720164 0.934673
5.627611 0.944724
5.534068 0.954774
5.439535 0.964824
5.344012 0.974874
5.247499 0.984925
5.149997 0.994975
5.051504 1.005025
4.952022 1.015075
4.851550 1.025126
4.750088 1.035176
4.647636 1.045226
4.544194 1.055276
4.439762 1.065327
4.334341 1.075377
4.227929 1.085427
4.120528 1.095477
4.012137 1.105528
3.902756 1.115578
3.792385 1.125628
3.681024 1.135678
3.568673 1.145729
3.455333 1.155779
3.341002 1.165829
3.225682 1.175879
3.109372 1.185930
2.992071 1.195980
2.873782 1.206030
2.754502 1.216080
2.634232 1.226131
2.512972 1.236181
2.390723 1.246231
2.267484 1.256281
2.143255 1.266332
2.018035 1.276382
1.891827 1.286432
1.764628 1.296482
1.636439 1.306533
1.507261 1.316583
1.377092 1.326633
1.245934 1.336683
1.113786 1.346734
0.980648 1.356784
0.846520 1.366834
0.711402 1.376884
0.575294 1.386935
0.438197 1.396985
0.300109 1.407035
0.161032 1.417085
0.020965 1.427136
-0.120092 1.437186
-0.262139 1.447236
-0.405176 1.457286
-0.549203 1.467337
-0.694219 1.477387
-0.840226 1.487437
-0.987222 1.497487
-1.135208 1.507538
-1.284184 1.517588
-1.434150 1.527638
-1.585106 1.537688
-1.737052 1.547739
-1.889987 1.557789
-2.043912 1.567839
-2.198828 1.577889
-2.354733 1.587940
-2.511628 1.597990
-2.669513 1.608040
-2.828388 1.618090
-2.988252 1.628141
-3.149107 1.638191
-3.310951 1.648241
-3.473785 1.658291
-3.637610 1.668342
-3.802424 1.678392
-3.968227 1.688442
-4.135021 1.698492
-4.302805 1.708543
-4.471578 1.718593
-4.641342 1.728643
-4.812095 1.738693
-4.983838 1.748744
-5.156571 1.758794
-5.330294 1.768844
-5.505007 1.778894
-5.680709 1.788945
-5.857402 1.798995
-6.035084 1.809045
-6.213757 1.819095
-6.393419 1.829146
-6.574071 1.839196
-6.755713 1.849246
-6.938344 1.859296
-7.121966 1.869347
-7.306578 1.879397
-7.492179 1.889447
-7.678770 1.899497
-7.866351 1.909548
-8.054922 1.919598
-8.244483 1.929648
-8.435034 1.939698
-8.626574 1.949749
-8.819105 1.959799
-9.012625 1.969849
-9.207136 1.979899
-9.402636 1.989950
-9.599126 2.000000
